ผู้ใช้    : E1NPNWSL01                                                                                                                              การไฟฟ้าส่วนภูมิภาค                                                                                                                              วันที่   : 29.09.2026
ไคลเอนท์  : PED-400                                                                                                     รายงานผลการเบิกจ่ายการจัดซื้อพัสดุประเภทต่างๆงบผู้ใช้ไฟ (งบC) ประจำเดือน ธ.ค. ปี 2569                                                                                        เวลา     : 09:35:40
โปรแกรม   : ZBUDR083                                                                                                                   เขต การไฟฟ้าเขตภาคตะวันออกเฉียงเหนือ 1 อุดรธานี                                                                                                               หน้าที่  : 1
--------------------------------------------------------------------------------------------------------------------------------------------------------------------------------------------------------------------------------------------------------------------------------------------------------------------------

--------------------------------------------------------------------------------------------------------------------------------------------------------------------------------------------------------------------------------------------------------------------------------------------------------------------------
|                  รายการ                  |           WBS            |    วงเงินงบประมาณ    | จ่ายจริงถึง 31 ธ.ค.  |  วงเงินคงเหลือยกมา/  | จ่ายจริงสะสม สิ้นสุด |    วงเงินคงเหลือ     |                                     อยู่ระหว่างดำเนินการ (คงเหลือ)                                     |    วงเงินคงเหลือ     |
|                                          |                          |                      |                      |                      |                      |                      |---------------------------------------------------------------------------------------------------------                      |
|                                          |                          |       ตั้งต้น        |         2568         | ที่ได้รับจัดสรรในปี  |     ณ ธ.ค. 2569      |                      |         IR         |         GR         | วงเงินผูกพันใน SAP |         PO         |         PR         |   ยังไม่ดำเนินการ    |
|                                          |                          |         (1)          |         (2)          |     (3)=(1)-(2)      |         (4)          |     (5)=(3)-(4)      |        (6)         |        (7)         |  (8)=(5)-(6)-(7)   |        (9)         |        (10)        |  (11)=(8)-(9)-(10)   |
--------------------------------------------------------------------------------------------------------------------------------------------------------------------------------------------------------------------------------------------------------------------------------------------------------------------------
|  1  | จัดซื้อพัสดุ                       |                          |                      |                      |                      |                      |                      |                    |                    |                    |                    |                    |                      |
|     | ปี 2568                            | C-68-D-AEDBG.1000        |            1,183.12  |                0.00  |            1,183.12  |                0.00  |            1,183.12  |              0.00  |              0.00  |          1,183.12  |              0.00  |              0.00  |            1,183.12  |
|     |                                    | C-68-D-UDNXX.1000        |       26,012,087.00  |       19,965,188.00  |        6,046,899.00  |        6,046,899.00  |                0.00  |              0.00  |              0.00  |              0.00  |              0.00  |              0.00  |                0.00  |
|     |                                    | C-68-D-NKYXX.1000        |       17,530,790.00  |       13,318,200.00  |        4,212,590.00  |        4,212,590.00  |                0.00  |              0.00  |              0.00  |              0.00  |              0.00  |              0.00  |                0.00  |
|     |                                    | C-68-D-KKNXX.1000        |       18,950,422.90  |       13,150,533.90  |        5,799,889.00  |        5,799,889.00  |                0.00  |              0.00  |              0.00  |              0.00  |              0.00  |              0.00  |                0.00  |
|     |                                    | C-68-D-LOEXX.1000        |       13,165,653.45  |        8,779,575.45  |        4,386,078.00  |        4,050,078.00  |          336,000.00  |              0.00  |        336,000.00  |              0.00  |              0.00  |              0.00  |                0.00  |
|     |                                    | C-68-D-SKKXX.1000        |       11,899,891.00  |       10,272,421.00  |        1,627,470.00  |        1,627,470.00  |                0.00  |              0.00  |              0.00  |              0.00  |              0.00  |              0.00  |                0.00  |
|     |                                    | C-68-D-NPNXX.1000        |       35,199,896.20  |       28,484,796.20  |        6,715,100.00  |        6,715,100.00  |                0.00  |              0.00  |              0.00  |              0.00  |              0.00  |              0.00  |                0.00  |
|     |                                    | C-68-D-CMPXX.1000        |       14,265,690.00  |       13,265,232.00  |        1,000,458.00  |        1,000,458.00  |                0.00  |              0.00  |              0.00  |              0.00  |              0.00  |              0.00  |                0.00  |
|     |                                    | C-68-D-KWPXX.1000        |        7,968,055.10  |        4,393,890.00  |        3,574,165.10  |        3,574,165.10  |                0.00  |              0.00  |              0.00  |              0.00  |              0.00  |              0.00  |                0.00  |
|     |                                    | C-68-D-NHNXX.1000        |       13,013,753.50  |       11,951,027.50  |        1,062,726.00  |        1,062,726.00  |                0.00  |              0.00  |              0.00  |              0.00  |              0.00  |              0.00  |                0.00  |
|     |                                    | C-68-D-PKNXX.1000        |       10,127,335.08  |        9,088,040.08  |        1,039,295.00  |        1,039,295.00  |                0.00  |              0.00  |              0.00  |              0.00  |              0.00  |              0.00  |                0.00  |
|     |                                    | C-68-D-NBPXX.1000        |       15,281,593.00  |       13,459,729.00  |        1,821,864.00  |        1,821,864.00  |                0.00  |              0.00  |              0.00  |              0.00  |              0.00  |              0.00  |                0.00  |
|     |                                    | C-68-D-BPIXX.1000        |       13,313,735.00  |       12,314,000.00  |          999,735.00  |          999,735.00  |                0.00  |              0.00  |              0.00  |              0.00  |              0.00  |              0.00  |                0.00  |
|     |                                    | C-68-D-BKAXX.1000        |       11,696,050.00  |        9,327,680.00  |        2,368,370.00  |        2,368,370.00  |                0.00  |              0.00  |              0.00  |              0.00  |              0.00  |              0.00  |                0.00  |
|     |                                    | C-68-D-KK2XX.1000        |       21,366,557.20  |       18,029,137.20  |        3,337,420.00  |        3,337,420.00  |                0.00  |              0.00  |              0.00  |              0.00  |              0.00  |              0.00  |                0.00  |
|     |                                    | C-68-D-UD2XX.1000        |       28,897,835.00  |       18,435,795.00  |       10,462,040.00  |       10,462,040.00  |                0.00  |              0.00  |              0.00  |              0.00  |              0.00  |              0.00  |                0.00  |
|     |                                    | C-68-D-SDDXX.1000        |        5,943,720.00  |        4,943,780.00  |          999,940.00  |          999,940.00  |                0.00  |              0.00  |              0.00  |              0.00  |              0.00  |              0.00  |                0.00  |
|     |                                    | C-68-D-WSPXX.1000        |       10,488,170.00  |        8,547,090.00  |        1,941,080.00  |        1,941,080.00  |                0.00  |              0.00  |              0.00  |              0.00  |              0.00  |              0.00  |                0.00  |
|     |                                    | C-68-D-IMDXX.1000        |          203,400.00  |                0.00  |          203,400.00  |          203,400.00  |                0.00  |              0.00  |              0.00  |              0.00  |              0.00  |              0.00  |                0.00  |
|     |                                    | C-68-D-PSCXX.1000        |          263,250.00  |          263,250.00  |                0.00  |                0.00  |                0.00  |              0.00  |              0.00  |              0.00  |              0.00  |              0.00  |                0.00  |
--------------------------------------------------------------------------------------------------------------------------------------------------------------------------------------------------------------------------------------------------------------------------------------------------------------------------
|     | รวม                                                           |      275,589,067.55  |      217,989,365.33  |       57,599,702.22  |       57,262,519.10  |          337,183.12  |              0.00  |        336,000.00  |          1,183.12  |              0.00  |              0.00  |            1,183.12  |
--------------------------------------------------------------------------------------------------------------------------------------------------------------------------------------------------------------------------------------------------------------------------------------------------------------------------
|     | รวม ปี 2568                                                   |      275,589,067.55  |      217,989,365.33  |       57,599,702.22  |       57,262,519.10  |          337,183.12  |              0.00  |        336,000.00  |          1,183.12  |              0.00  |              0.00  |            1,183.12  |
--------------------------------------------------------------------------------------------------------------------------------------------------------------------------------------------------------------------------------------------------------------------------------------------------------------------------
|     | ปี 2569                            | C-69-D-AEDBG.1000        |          114,547.80  |                0.00  |          114,547.80  |                0.00  |          114,547.80  |              0.00  |              0.00  |        114,547.80  |              0.00  |              0.00  |          114,547.80  |
|     |                                    | C-69-D-UDNXX.1000        |       11,835,400.00  |                0.00  |       11,835,400.00  |        8,983,680.00  |        2,851,720.00  |              0.00  |        991,550.00  |      1,860,170.00  |      1,860,116.00  |              0.00  |               54.00  |
|     |                                    | C-69-D-NKYXX.1000        |       14,693,600.00  |                0.00  |       14,693,600.00  |       10,916,370.00  |        3,777,230.00  |              0.00  |              0.00  |      3,777,230.00  |      2,240,900.00  |      1,218,080.00  |          318,250.00  |
|     |                                    | C-69-D-KKNXX.1000        |       19,592,340.00  |                0.00  |       19,592,340.00  |       13,686,618.00  |        5,905,722.00  |              0.00  |              0.00  |      5,905,722.00  |      3,904,474.00  |      1,820,400.00  |          180,848.00  |
|     |                                    | C-69-D-LOEXX.1000        |       14,999,977.00  |                0.00  |       14,999,977.00  |        6,751,744.90  |        8,248,232.10  |              0.00  |        230,850.00  |      8,017,382.10  |      6,528,735.00  |        488,388.00  |        1,000,259.10  |
|     |                                    | C-69-D-SKKXX.1000        |       14,400,000.00  |                0.00  |       14,400,000.00  |        7,528,734.00  |        6,871,266.00  |              0.00  |      1,602,020.00  |      5,269,246.00  |      3,753,910.00  |              0.00  |        1,515,336.00  |
|     |                                    | C-69-D-NPNXX.1000        |       26,290,004.00  |                0.00  |       26,290,004.00  |       21,956,214.00  |        4,333,790.00  |        186,000.00  |      2,283,460.00  |      1,864,330.00  |      1,862,130.00  |              0.00  |            2,200.00  |
|     |                                    | C-69-D-CMPXX.1000        |       12,295,904.00  |                0.00  |       12,295,904.00  |       11,523,139.00  |          772,765.00  |        397,950.00  |              0.00  |        374,815.00  |        372,000.00  |              0.00  |            2,815.00  |
|     |                                    | C-69-D-KWPXX.1000        |       10,382,320.00  |                0.00  |       10,382,320.00  |        9,416,754.00  |          965,566.00  |              0.00  |              0.00  |        965,566.00  |        965,325.00  |              0.00  |              241.00  |
|     |                                    | C-69-D-NHNXX.1000        |       22,396,744.00  |                0.00  |       22,396,744.00  |       18,420,482.00  |        3,976,262.00  |        208,500.00  |              0.00  |      3,767,762.00  |      3,765,549.00  |              0.00  |            2,213.00  |
|     |                                    | C-69-D-PKNXX.1000        |       11,091,240.00  |                0.00  |       11,091,240.00  |        7,599,890.00  |        3,491,350.00  |              0.00  |              0.00  |      3,491,350.00  |      3,488,760.00  |              0.00  |            2,590.00  |
|     |                                    | C-69-D-NBPXX.1000        |       11,799,887.10  |                0.00  |       11,799,887.10  |        9,818,290.00  |        1,981,597.10  |              0.00  |      1,086,200.00  |        895,397.10  |        894,680.00  |              0.00  |              717.10  |
|     |                                    | C-69-D-BPIXX.1000        |       13,100,000.00  |                0.00  |       13,100,000.00  |        9,877,333.00  |        3,222,667.00  |              0.00  |              0.00  |      3,222,667.00  |      2,651,600.00  |              0.00  |          571,067.00  |
|     |                                    | C-69-D-BKAXX.1000        |       10,999,000.00  |                0.00  |       10,999,000.00  |        6,325,209.00  |        4,673,791.00  |        443,280.00  |              0.00  |      4,230,511.00  |      3,911,990.00  |              0.00  |          318,521.00  |
|     |                                    | C-69-D-KK2XX.1000        |       19,462,492.00  |                0.00  |       19,462,492.00  |       12,041,128.80  |        7,421,363.20  |              0.00  |        522,258.00  |      6,899,105.20  |      3,765,544.00  |      3,108,500.00  |           25,061.20  |
|     |                                    | C-69-D-UD2XX.1000        |       20,165,019.74  |                0.00  |       20,165,019.74  |       14,341,114.00  |        5,823,905.74  |      1,229,500.00  |        201,200.00  |      4,393,205.74  |      2,430,700.00  |              0.00  |        1,962,505.74  |
|     |                                    | C-69-D-SDDXX.1000        |        4,229,720.00  |                0.00  |        4,229,720.00  |        3,509,660.00  |          720,060.00  |              0.00  |              0.00  |        720,060.00  |        663,100.00  |         52,000.00  |            4,960.00  |
|     |                                    | C-69-D-WSPXX.1000        |       10,865,600.00  |                0.00  |       10,865,600.00  |        9,138,721.00  |        1,726,879.00  |              0.00  |              0.00  |      1,726,879.00  |        955,965.70  |        654,915.00  |          115,998.30  |
|     |                                    | C-69-D-UDNTR.1000        |        2,944,900.00  |                0.00  |        2,944,900.00  |        2,527,900.00  |          417,000.00  |              0.00  |              0.00  |        417,000.00  |        417,000.00  |              0.00  |                0.00  |
|     |                                    | C-69-D-NKYTR.1000        |        2,137,000.00  |                0.00  |        2,137,000.00  |        1,720,000.00  |          417,000.00  |              0.00  |              0.00  |        417,000.00  |        417,000.00  |              0.00  |                0.00  |
|     |                                    | C-69-D-KKNTR.1000        |        7,337,280.00  |                0.00  |        7,337,280.00  |        3,575,640.00  |        3,761,640.00  |              0.00  |              0.00  |      3,761,640.00  |      3,607,740.00  |              0.00  |          153,900.00  |
|     |                                    | C-69-D-LOETR.1000        |        4,111,270.00  |                0.00  |        4,111,270.00  |                0.00  |        4,111,270.00  |              0.00  |              0.00  |      4,111,270.00  |      3,369,500.00  |              0.00  |          741,770.00  |
|     |                                    | C-69-D-SKKTR.1000        |        1,153,600.00  |                0.00  |        1,153,600.00  |        1,153,600.00  |                0.00  |              0.00  |              0.00  |              0.00  |              0.00  |              0.00  |                0.00  |
|     |                                    | C-69-D-NPNTR.1000        |          833,850.00  |                0.00  |          833,850.00  |          833,850.00  |                0.00  |              0.00  |              0.00  |              0.00  |              0.00  |              0.00  |                0.00  |
|     |                                    | C-69-D-CMPTR.1000        |        1,609,140.00  |                0.00  |        1,609,140.00  |          871,700.00  |          737,440.00  |              0.00  |              0.00  |        737,440.00  |        737,440.00  |              0.00  |                0.00  |
|     |                                    | C-69-D-NHNTR.1000        |        1,080,200.00  |                0.00  |        1,080,200.00  |          871,700.00  |          208,500.00  |              0.00  |              0.00  |        208,500.00  |        208,500.00  |              0.00  |                0.00  |
|     |                                    | C-69-D-PKNTR.1000        |          435,850.00  |                0.00  |          435,850.00  |          435,850.00  |                0.00  |              0.00  |              0.00  |              0.00  |              0.00  |              0.00  |                0.00  |
|     |                                    | C-69-D-NBPTR.1000        |        1,360,720.00  |                0.00  |        1,360,720.00  |        1,269,700.00  |           91,020.00  |              0.00  |              0.00  |         91,020.00  |         91,020.00  |              0.00  |                0.00  |
ผู้ใช้    : E1NPNWSL01                                                                                                                              การไฟฟ้าส่วนภูมิภาค                                                                                                                              วันที่   : 29.09.2026
ไคลเอนท์  : PED-400                                                                                                     รายงานผลการเบิกจ่ายการจัดซื้อพัสดุประเภทต่างๆงบผู้ใช้ไฟ (งบC) ประจำเดือน ธ.ค. ปี 2569                                                                                        เวลา     : 09:35:40
โปรแกรม   : ZBUDR083                                                                                                                   เขต การไฟฟ้าเขตภาคตะวันออกเฉียงเหนือ 1 อุดรธานี                                                                                                               หน้าที่  : 2
--------------------------------------------------------------------------------------------------------------------------------------------------------------------------------------------------------------------------------------------------------------------------------------------------------------------------

--------------------------------------------------------------------------------------------------------------------------------------------------------------------------------------------------------------------------------------------------------------------------------------------------------------------------
|                  รายการ                  |           WBS            |    วงเงินงบประมาณ    | จ่ายจริงถึง 31 ธ.ค.  |  วงเงินคงเหลือยกมา/  | จ่ายจริงสะสม สิ้นสุด |    วงเงินคงเหลือ     |                                     อยู่ระหว่างดำเนินการ (คงเหลือ)                                     |    วงเงินคงเหลือ     |
|                                          |                          |                      |                      |                      |                      |                      |---------------------------------------------------------------------------------------------------------                      |
|                                          |                          |       ตั้งต้น        |         2568         | ที่ได้รับจัดสรรในปี  |     ณ ธ.ค. 2569      |                      |         IR         |         GR         | วงเงินผูกพันใน SAP |         PO         |         PR         |   ยังไม่ดำเนินการ    |
|                                          |                          |         (1)          |         (2)          |     (3)=(1)-(2)      |         (4)          |     (5)=(3)-(4)      |        (6)         |        (7)         |  (8)=(5)-(6)-(7)   |        (9)         |        (10)        |  (11)=(8)-(9)-(10)   |
--------------------------------------------------------------------------------------------------------------------------------------------------------------------------------------------------------------------------------------------------------------------------------------------------------------------------
|     |                                    | C-69-D-BPITR.1000        |        1,042,350.00  |                0.00  |        1,042,350.00  |          833,850.00  |          208,500.00  |              0.00  |              0.00  |        208,500.00  |        208,500.00  |              0.00  |                0.00  |
|     |                                    | C-69-D-BKATR.1000        |        1,928,470.00  |                0.00  |        1,928,470.00  |        1,837,450.00  |           91,020.00  |              0.00  |              0.00  |         91,020.00  |         91,020.00  |              0.00  |                0.00  |
--------------------------------------------------------------------------------------------------------------------------------------------------------------------------------------------------------------------------------------------------------------------------------------------------------------------------
|     | รวม                                                           |      274,688,425.64  |                0.00  |      274,688,425.64  |      197,766,321.70  |       76,922,103.94  |      2,465,230.00  |      6,917,538.00  |     67,539,335.94  |     53,163,198.70  |      7,342,283.00  |        7,033,854.24  |
--------------------------------------------------------------------------------------------------------------------------------------------------------------------------------------------------------------------------------------------------------------------------------------------------------------------------
|     | รวม ปี 2569                                                   |      274,688,425.64  |                0.00  |      274,688,425.64  |      197,766,321.70  |       76,922,103.94  |      2,465,230.00  |      6,917,538.00  |     67,539,335.94  |     53,163,198.70  |      7,342,283.00  |        7,033,854.24  |
--------------------------------------------------------------------------------------------------------------------------------------------------------------------------------------------------------------------------------------------------------------------------------------------------------------------------
|     | รวม จัดซื้อพัสดุ                                              |      550,277,493.19  |      217,989,365.33  |      332,288,127.86  |      255,028,840.80  |       77,259,287.06  |      2,465,230.00  |      7,253,538.00  |     67,540,519.06  |     53,163,198.70  |      7,342,283.00  |        7,035,037.36  |
--------------------------------------------------------------------------------------------------------------------------------------------------------------------------------------------------------------------------------------------------------------------------------------------------------------------------
|  2  | จัดซื้อผลิตภัณฑ์คอนกรีต            |                          |                      |                      |                      |                      |                      |                    |                    |                    |                    |                    |                      |
|     | ปี 2568                            | C-68-D-AEDBG.2000        |                0.00  |                0.00  |                0.00  |                0.00  |                0.00  |              0.00  |              0.00  |              0.00  |              0.00  |              0.00  |                0.00  |
|     |                                    | C-68-D-IMDXX.2000        |       34,865,348.00  |       34,865,348.00  |                0.00  |                0.00  |                0.00  |              0.00  |              0.00  |              0.00  |              0.00  |              0.00  |                0.00  |
--------------------------------------------------------------------------------------------------------------------------------------------------------------------------------------------------------------------------------------------------------------------------------------------------------------------------
|     | รวม                                                           |       34,865,348.00  |       34,865,348.00  |                0.00  |                0.00  |                0.00  |              0.00  |              0.00  |              0.00  |              0.00  |              0.00  |                0.00  |
--------------------------------------------------------------------------------------------------------------------------------------------------------------------------------------------------------------------------------------------------------------------------------------------------------------------------
|     | รวม ปี 2568                                                   |       34,865,348.00  |       34,865,348.00  |                0.00  |                0.00  |                0.00  |              0.00  |              0.00  |              0.00  |              0.00  |              0.00  |                0.00  |
--------------------------------------------------------------------------------------------------------------------------------------------------------------------------------------------------------------------------------------------------------------------------------------------------------------------------
|     | ปี 2569                            | C-69-D-AEDBG.2000        |        6,520,523.00  |                0.00  |        6,520,523.00  |                0.00  |        6,520,523.00  |              0.00  |              0.00  |      6,520,523.00  |              0.00  |              0.00  |        6,520,523.00  |
|     |                                    | C-69-D-IMDXX.2000        |       14,993,717.00  |                0.00  |       14,993,717.00  |        7,381,900.00  |        7,611,817.00  |      3,884,400.00  |              0.00  |      3,727,417.00  |      3,727,417.00  |              0.00  |                0.00  |
--------------------------------------------------------------------------------------------------------------------------------------------------------------------------------------------------------------------------------------------------------------------------------------------------------------------------
|     | รวม                                                           |       21,514,240.00  |                0.00  |       21,514,240.00  |        7,381,900.00  |       14,132,340.00  |      3,884,400.00  |              0.00  |     10,247,940.00  |      3,727,417.00  |              0.00  |        6,520,523.00  |
--------------------------------------------------------------------------------------------------------------------------------------------------------------------------------------------------------------------------------------------------------------------------------------------------------------------------
|     | รวม ปี 2569                                                   |       21,514,240.00  |                0.00  |       21,514,240.00  |        7,381,900.00  |       14,132,340.00  |      3,884,400.00  |              0.00  |     10,247,940.00  |      3,727,417.00  |              0.00  |        6,520,523.00  |
--------------------------------------------------------------------------------------------------------------------------------------------------------------------------------------------------------------------------------------------------------------------------------------------------------------------------
|     | รวม จัดซื้อผลิตภัณฑ์คอนกรีต                                   |       56,379,588.00  |       34,865,348.00  |       21,514,240.00  |        7,381,900.00  |       14,132,340.00  |      3,884,400.00  |              0.00  |     10,247,940.00  |      3,727,417.00  |              0.00  |        6,520,523.00  |
--------------------------------------------------------------------------------------------------------------------------------------------------------------------------------------------------------------------------------------------------------------------------------------------------------------------------
|  3  | จัดซื้อพัสดุหลัก                   |                          |                      |                      |                      |                      |                      |                    |                    |                    |                    |                    |                      |
|     | ปี 2568                            | C-68-D-AEDBG.5000        |                0.00  |                0.00  |                0.00  |                0.00  |                0.00  |              0.00  |              0.00  |              0.00  |              0.00  |              0.00  |                0.00  |
|     |                                    | C-68-D-IMDXX.5000        |       18,258,770.00  |       18,258,770.00  |                0.00  |                0.00  |                0.00  |              0.00  |              0.00  |              0.00  |              0.00  |              0.00  |                0.00  |
--------------------------------------------------------------------------------------------------------------------------------------------------------------------------------------------------------------------------------------------------------------------------------------------------------------------------
|     | รวม                                                           |       18,258,770.00  |       18,258,770.00  |                0.00  |                0.00  |                0.00  |              0.00  |              0.00  |              0.00  |              0.00  |              0.00  |                0.00  |
--------------------------------------------------------------------------------------------------------------------------------------------------------------------------------------------------------------------------------------------------------------------------------------------------------------------------
|     | รวม ปี 2568                                                   |       18,258,770.00  |       18,258,770.00  |                0.00  |                0.00  |                0.00  |              0.00  |              0.00  |              0.00  |              0.00  |              0.00  |                0.00  |
--------------------------------------------------------------------------------------------------------------------------------------------------------------------------------------------------------------------------------------------------------------------------------------------------------------------------
|     | รวม จัดซื้อพัสดุหลัก                                          |       18,258,770.00  |       18,258,770.00  |                0.00  |                0.00  |                0.00  |              0.00  |              0.00  |              0.00  |              0.00  |              0.00  |                0.00  |
--------------------------------------------------------------------------------------------------------------------------------------------------------------------------------------------------------------------------------------------------------------------------------------------------------------------------
|  4  | จัดซื้อพัสดุรอง                    |                          |                      |                      |                      |                      |                      |                    |                    |                    |                    |                    |                      |
|     | ปี 2568                            | C-68-D-AEDBG.6000        |                0.00  |                0.00  |                0.00  |                0.00  |                0.00  |              0.00  |              0.00  |              0.00  |              0.00  |              0.00  |                0.00  |
|     |                                    | C-68-D-IMDXX.6000        |       25,742,463.00  |       25,742,463.00  |                0.00  |                0.00  |                0.00  |              0.00  |              0.00  |              0.00  |              0.00  |              0.00  |                0.00  |
--------------------------------------------------------------------------------------------------------------------------------------------------------------------------------------------------------------------------------------------------------------------------------------------------------------------------
|     | รวม                                                           |       25,742,463.00  |       25,742,463.00  |                0.00  |                0.00  |                0.00  |              0.00  |              0.00  |              0.00  |              0.00  |              0.00  |                0.00  |
--------------------------------------------------------------------------------------------------------------------------------------------------------------------------------------------------------------------------------------------------------------------------------------------------------------------------
|     | รวม ปี 2568                                                   |       25,742,463.00  |       25,742,463.00  |                0.00  |                0.00  |                0.00  |              0.00  |              0.00  |              0.00  |              0.00  |              0.00  |                0.00  |
--------------------------------------------------------------------------------------------------------------------------------------------------------------------------------------------------------------------------------------------------------------------------------------------------------------------------
|     | ปี 2569                            | C-69-D-AEDBG.6000        |            2,450.00  |                0.00  |            2,450.00  |                0.00  |            2,450.00  |              0.00  |              0.00  |          2,450.00  |              0.00  |              0.00  |            2,450.00  |
|     |                                    | C-69-D-IMDXX.6000        |       51,124,200.00  |                0.00  |       51,124,200.00  |       32,787,966.00  |       18,336,234.00  |              0.00  |              0.00  |     18,336,234.00  |              0.00  |      2,541,630.00  |       15,794,604.00  |
--------------------------------------------------------------------------------------------------------------------------------------------------------------------------------------------------------------------------------------------------------------------------------------------------------------------------
|     | รวม                                                           |       51,126,650.00  |                0.00  |       51,126,650.00  |       32,787,966.00  |       18,338,684.00  |              0.00  |              0.00  |     18,338,684.00  |              0.00  |      2,541,630.00  |       15,797,054.00  |
--------------------------------------------------------------------------------------------------------------------------------------------------------------------------------------------------------------------------------------------------------------------------------------------------------------------------
|     | รวม ปี 2569                                                   |       51,126,650.00  |                0.00  |       51,126,650.00  |       32,787,966.00  |       18,338,684.00  |              0.00  |              0.00  |     18,338,684.00  |              0.00  |      2,541,630.00  |       15,797,054.00  |
--------------------------------------------------------------------------------------------------------------------------------------------------------------------------------------------------------------------------------------------------------------------------------------------------------------------------
|     | รวม จัดซื้อพัสดุรอง                                           |       76,869,113.00  |       25,742,463.00  |       51,126,650.00  |       32,787,966.00  |       18,338,684.00  |              0.00  |              0.00  |     18,338,684.00  |              0.00  |      2,541,630.00  |       15,797,054.00  |
--------------------------------------------------------------------------------------------------------------------------------------------------------------------------------------------------------------------------------------------------------------------------------------------------------------------------
|     | รวมทั้งสิ้น                                                   |      701,784,964.19  |      296,855,946.33  |      404,929,017.86  |      295,198,706.80  |      109,730,311.06  |      6,349,630.00  |      7,253,538.00  |     96,127,143.06  |     56,890,615.70  |      9,883,913.00  |       29,352,614.36  |
ผู้ใช้    : E1NPNWSL01                                                                                                                              การไฟฟ้าส่วนภูมิภาค                                                                                                                              วันที่   : 29.09.2026
ไคลเอนท์  : PED-400                                                                                                     รายงานผลการเบิกจ่ายการจัดซื้อพัสดุประเภทต่างๆงบผู้ใช้ไฟ (งบC) ประจำเดือน ธ.ค. ปี 2569                                                                                        เวลา     : 09:35:40
โปรแกรม   : ZBUDR083                                                                                                                   เขต การไฟฟ้าเขตภาคตะวันออกเฉียงเหนือ 1 อุดรธานี                                                                                                               หน้าที่  : 3
--------------------------------------------------------------------------------------------------------------------------------------------------------------------------------------------------------------------------------------------------------------------------------------------------------------------------

--------------------------------------------------------------------------------------------------------------------------------------------------------------------------------------------------------------------------------------------------------------------------------------------------------------------------
|                  รายการ                  |           WBS            |    วงเงินงบประมาณ    | จ่ายจริงถึง 31 ธ.ค.  |  วงเงินคงเหลือยกมา/  | จ่ายจริงสะสม สิ้นสุด |    วงเงินคงเหลือ     |                                     อยู่ระหว่างดำเนินการ (คงเหลือ)                                     |    วงเงินคงเหลือ     |
|                                          |                          |                      |                      |                      |                      |                      |---------------------------------------------------------------------------------------------------------                      |
|                                          |                          |       ตั้งต้น        |         2568         | ที่ได้รับจัดสรรในปี  |     ณ ธ.ค. 2569      |                      |         IR         |         GR         | วงเงินผูกพันใน SAP |         PO         |         PR         |   ยังไม่ดำเนินการ    |
|                                          |                          |         (1)          |         (2)          |     (3)=(1)-(2)      |         (4)          |     (5)=(3)-(4)      |        (6)         |        (7)         |  (8)=(5)-(6)-(7)   |        (9)         |        (10)        |  (11)=(8)-(9)-(10)   |
--------------------------------------------------------------------------------------------------------------------------------------------------------------------------------------------------------------------------------------------------------------------------------------------------------------------------
--------------------------------------------------------------------------------------------------------------------------------------------------------------------------------------------------------------------------------------------------------------------------------------------------------------------------


